Complexity metrics,Mon, 12 Jun 2023 14:42:28 CEST
Method,CogC,ev(G),iv(G),v(G)
main.java.Fan.getState(),0,1,1,1
main.java.Fan.turnOff(),0,1,1,1
main.java.Fan.turnOn(),0,1,1,1
main.java.Light.getState(),0,1,1,1
main.java.Light.turnOff(),0,1,1,1
main.java.Light.turnOn(),0,1,1,1
main.java.Mediator.addControl(Control),0,1,1,1
"main.java.Mediator.followCommand(String, Control)",1,1,1,3
main.java.SmartHomeControl.getState(),2,2,2,2
main.java.SmartHomeControl.setDevice(Device),0,1,1,1
main.java.SmartHomeControl.turnOff(),2,1,2,2
main.java.SmartHomeControl.turnOn(),2,1,2,2

Class,OCavg,OCmax,WMC
main.java.Fan,1.00,1,3
main.java.Light,1.00,1,3
main.java.Mediator,2.50,4,5
main.java.SmartHomeControl,1.75,2,7
main.java.State,n/a,n/a,0

Package,v(G)avg,v(G)tot
main.java,1.42,17

Module,v(G)avg,v(G)tot
Mediator_GhostWriter02_Refactor,1.42,17

Project,v(G)avg,v(G)tot
project,1.42,17

